num1 = [-0.00123778108054348,-0.00409878349987057,0.0789677216573799,-0.375761361745900,1.02870643814274,-1.90983589611611,2.52346494025977,-2.28549158718150,1.02778811600408,0.740794501038274,-2.12887615055778,2.51780413044868,-1.98282792215813,1.09504152181429,-0.393670232281997,0.0692323452599980];
den1 = [1,-8.53376999923867,35.9363372638453,-99.2364117027736,200.927578396701,-315.655590258228,397.039993550171,-406.774013247715,341.997979576253,-235.867684942514,132.339296298073,-59.3356636740918,20.5900621880010,-5.22444894326476,0.867393509574547,-0.0710580147889715];